<!-- Brasilien -->
    <area alt="" title="" href="#" shape="poly" coords="411,560,387,541,369,534,385,494,403,494,411,507,425,507,430,518,439,524,446,531,470,532,473,540,479,539,482,553,469,560,471,588,459,595,440,610,448,611,433,612,419,621,427,632,420,632"
<!-- China -->
    <area alt="" title="" href="#" shape="poly" coords="946,371,922,422,914,389,901,372,894,357,911,334,924,312,943,294,951,313,968,321,986,335,1018,316,1046,317,1060,301,1032,270,1077,313,1020,295,1037,280,1041,287,1084,336,1096,333,1095,326,1076,346,1039,369,1064,372,1064,365,1027,383,1028,403,935,427,932,412,965,435,942,406,937,408,1022,414,946,403,939,400,936,405" />

<!-- Nord Afrika -->
<area alt="" title="" href="#" shape="poly" coords="651,434,600,430,558,444,578,404,600,393,638,391,710,435,739,450,726,414,689,403,704,403,705,433,720,445,731,453,736,458,664,453" />

<!-- Süd Afrika -->
    <area alt="" title="" href="#" shape="poly" coords="693,604,716,594,715,616,706,628,682,630,674,642,671,621,661,621,662,596,715,583,725,585,728,595" />
