<area alt="" title="" href="#" shape="poly" coords="401,572,477,554,464,586,458,591,443,603,434,607,423,608,423,626,415,627,408,639,400,650,394,659,380,671,370,673,370,701" />

<area alt="" title="" href="#" shape="poly" coords="401,572,477,554,464,586,458,591,443,603,434,607,423,608,423,626,415,627,408,639,400,650,394,659,380,671,370,673,370,701,358,717,359,726,369,738,352,728,349,708,339,703,339,693,346,673,350,651,360,623,351,626,360,609,363,594,359,586,350,585,348,577,342,575,340,566,338,555,330,553,327,524,341,520,338,510,338,506,337,502,331,500,340,493,341,490,359,486,359,481,367,490,378,490,399,499,411,513,424,509,431,521,443,533,458,534,470,532,476,543,468,550,476,552,447,530,456,533,458,544,469,546,466,547,476,548,464,554,337,578,337,567,326,552,325,540,325,528,325,525" />

//Afrika
<area alt="" title="" href="#" shape="poly" coords="699,487,684,402,704,399,713,412,724,413,724,419,729,433,727,441,737,446,737,455,743,465,766,469,770,468,769,463,777,477,781,488,772,497,758,514,750,523,740,536,748,556,751,568,737,577,728,588,728,596,721,605,718,619,715,621,704,632,680,633,677,642,670,642,670,620,659,620,659,591,648,590,648,524,637,524,637,502,627,502,626,493,607,493,596,494,593,501,643,476,612,483,597,433,597,449,573,452,696,420,676,442,710,448,678,485,615,452,610,421,622,418,660,418,676,410,652,404,659,401,649,401,637,402,633,393,638,390,598,391,596,389,597,405,576,404,577,400,590,403,578,416,574,415,573,411,568,427,564,425,556,436,552,448,552,457,554,473,552,480,572,483,564,487,577,501,623,459,617,463,616,444,628,415,661,415,606,451,612,431,619,419,673,419,684,419,605,488,593,488,657,468,639,476,627,473,616,466" />

//madagaskar
<area alt="" title="" href="#" shape="poly" coords="770,579,778,553,784,551,783,578,765,598,772,598,756,572,767,563,757,597,762,597,758,583,757,587,772,565" />

//Deutschland
   <area alt="" title="" href="#" shape="poly" coords="640,317,637,328,658,341,664,321,658,313,665,342,653,317,651,312,660,312" />

   //USA
    <area alt="" title="" href="#" shape="poly" coords="337,333,347,377,239,432,174,344" />

//Brasilien
